linreg_r2_score=0.6331572341272285
rf_r2_score=0.7737899326159481
